NetSize,RandomCosts,MonitorFlag,NodeTweak,AdjacencyFlag,CalcCentr,contCost,Avg
100,0.3,False,0.000000,0,True,0.100000,7
100,0.3,False,0.000000,1,True,0.100000,2
100,0.3,False,0.000000,0,True,0.500000,12
100,0.3,False,0.000000,1,True,0.500000,3
100,0.5,False,0.000000,0,True,0.100000,17
100,0.5,False,0.000000,1,True,0.100000,6
100,0.5,False,0.000000,0,True,0.500000,21
100,0.5,False,0.000000,1,True,0.500000,6
100,1,False,0.000000,0,True,0.100000,12
100,1,False,0.000000,1,True,0.100000,4
100,1,False,0.000000,0,True,0.500000,22
100,1,False,0.000000,1,True,0.500000,4
100,0.3,False,0.000000,0,False,0.100000,7
100,0.3,False,0.000000,1,False,0.100000,3
100,0.3,False,0.000000,0,False,0.500000,13
100,0.3,False,0.000000,1,False,0.500000,5
100,0.5,False,0.000000,0,False,0.100000,15
100,0.5,False,0.000000,1,False,0.100000,6
100,0.5,False,0.000000,0,False,0.500000,19
100,0.5,False,0.000000,1,False,0.500000,9
100,1,False,0.000000,0,False,0.100000,12
100,1,False,0.000000,1,False,0.100000,5
100,1,False,0.000000,0,False,0.500000,20
100,1,False,0.000000,1,False,0.500000,8