NetSize,RandomCosts,MonitorFlag,NodeTweak,AdjacencyFlag,CalcCentr,contCost,Results
20,True,True,0.000000,0,True,0.000000,8,2,12,1,8,4,4,2,6,6
20,True,True,0.000000,1,True,0.000000,2,1,1,2,2,1,1,4,7,3
20,True,True,0.100000,0,True,0.000000,3,4,3,7,11,2,2,3,2,1
20,True,True,0.100000,1,True,0.000000,2,2,2,1,2,2,2,2,2,3
20,True,True,0.200000,0,True,0.000000,7,6,1,1,1,1,3,9,9,11
20,True,True,0.200000,1,True,0.000000,1,2,2,1,2,2,6,2,2,2
20,True,True,0.500000,0,True,0.000000,8,2,1,9,4,2,1,3,12,11
20,True,True,0.500000,1,True,0.000000,1,7,2,1,1,5,5,2,2,2
20,True,True,0.000000,0,True,0.500000,1,7,2,1,2,12,1,6,6,11
20,True,True,0.000000,1,True,0.500000,2,2,3,2,2,2,3,2,2,1
20,True,True,0.100000,0,True,0.500000,7,1,9,10,5,4,2,2,6,1
20,True,True,0.100000,1,True,0.500000,2,3,1,1,4,1,2,2,1,2
20,True,True,0.200000,0,True,0.500000,12,3,3,2,2,1,1,7,6,4
20,True,True,0.200000,1,True,0.500000,5,2,2,2,4,2,2,1,1,3
20,True,True,0.500000,0,True,0.500000,5,4,7,6,7,2,2,7,10,4
20,True,True,0.500000,1,True,0.500000,2,2,1,2,3,3,2,4,2,1
20,True,True,0.000000,0,False,0.000000,9,2,10,6,7,3,2,3,1,1
20,True,True,0.000000,1,False,0.000000,1,1,3,8,3,2,4,5,2,5
20,True,True,0.100000,0,False,0.000000,2,3,2,10,11,1,1,1,13,2
20,True,True,0.100000,1,False,0.000000,16,2,2,2,2,2,4,2,4,2
20,True,True,0.200000,0,False,0.000000,2,7,6,3,1,6,3,6,10,4
20,True,True,0.200000,1,False,0.000000,2,3,2,2,3,2,5,1,2,4
20,True,True,0.500000,0,False,0.000000,10,6,5,4,7,4,12,9,1,10
20,True,True,0.500000,1,False,0.000000,1,2,2,2,6,2,4,2,1,4
20,True,True,0.000000,0,False,0.500000,3,9,9,4,2,6,1,2,8,1
20,True,True,0.000000,1,False,0.500000,7,4,1,3,1,3,3,2,2,7
20,True,True,0.100000,0,False,0.500000,10,9,11,5,7,1,8,3,1,1
20,True,True,0.100000,1,False,0.500000,2,3,3,2,2,2,2,2,2,1
20,True,True,0.200000,0,False,0.500000,7,3,6,2,10,7,3,2,2,6
20,True,True,0.200000,1,False,0.500000,2,3,2,4,5,2,4,1,2,8
20,True,True,0.500000,0,False,0.500000,6,1,1,2,2,7,1,1,8,1
20,True,True,0.500000,1,False,0.500000,2,1,3,2,2,2,2,4,1,1