NetSize,RandomCosts,MonitorFlag,NodeTweak,AdjacencyFlag,CalcCentr,contCost,Results
100,True,True,0.000000,0,True,0.000000,17,17,18,24,28,10,20,31,9,25
100,True,True,0.000000,1,True,0.000000,3,3,2,2,12,5,2,18,3,2
100,True,True,0.100000,0,True,0.000000,6,28,38,2,27,23,36,26,18,30
100,True,True,0.100000,1,True,0.000000,2,4,2,2,10,20,4,4,2,5
100,True,True,0.200000,0,True,0.000000,4,18,5,38,9,13,18,28,1,46
100,True,True,0.200000,1,True,0.000000,4,2,4,9,3,2,12,4,4,3
100,True,True,0.500000,0,True,0.000000,31,26,49,8,26,1,24,26,33,54
100,True,True,0.500000,1,True,0.000000,2,4,2,2,2,3,13,3,3,2
100,True,True,0.000000,0,True,0.500000,5,26,16,1,5,12,8,51,14,6
100,True,True,0.000000,1,True,0.500000,5,4,5,2,3,5,7,2,5,2
100,True,True,0.100000,0,True,0.500000,5,8,9,1,31,3,36,27,24,26
100,True,True,0.100000,1,True,0.500000,8,4,13,3,6,5,2,15,10,3
100,True,True,0.200000,0,True,0.500000,38,5,26,19,3,44,2,15,41,1
100,True,True,0.200000,1,True,0.500000,1,2,20,5,3,2,4,3,2,7
100,True,True,0.500000,0,True,0.500000,46,17,19,31,18,34,28,26,1,18
100,True,True,0.500000,1,True,0.500000,3,5,9,15,2,3,2,5,3,3
100,True,True,0.000000,0,False,0.000000,5,21,8,1,9,8,26,24,21,53
100,True,True,0.000000,1,False,0.000000,28,3,2,29,2,23,5,3,2,27
100,True,True,0.100000,0,False,0.000000,9,48,10,17,41,25,23,22,15,50
100,True,True,0.100000,1,False,0.000000,2,7,1,11,2,2,14,3,2,2
100,True,True,0.200000,0,False,0.000000,26,7,33,4,55,17,47,12,29,51
100,True,True,0.200000,1,False,0.000000,2,12,3,5,4,7,5,6,9,2
100,True,True,0.500000,0,False,0.000000,27,14,16,3,6,36,40,12,34,10
100,True,True,0.500000,1,False,0.000000,10,2,9,18,5,12,16,2,2,2
100,True,True,0.000000,0,False,0.500000,19,5,3,2,33,10,16,45,2,38
100,True,True,0.000000,1,False,0.500000,11,10,1,5,3,9,2,37,32,3
100,True,True,0.100000,0,False,0.500000,46,30,24,10,22,45,21,10,2,16
100,True,True,0.100000,1,False,0.500000,1,13,5,1,2,3,24,8,2,2
100,True,True,0.200000,0,False,0.500000,4,35,5,8,36,13,15,28,15,15
100,True,True,0.200000,1,False,0.500000,9,7,2,3,36,2,2,17,2,4
100,True,True,0.500000,0,False,0.500000,25,46,3,15,44,5,10,4,29,43
100,True,True,0.500000,1,False,0.500000,2,8,2,4,2,16,47,4,2,2