NetSize,RandomCosts,MonitorFlag,NodeTweak,AdjacencyFlag,CalcCentr,contCost,Results
100,0.3,False,0.000000,0,True,0.100000,10,1,2,1,10,4,14,8,5,5,10,8,7,13,10,1,4,7,3,11,10,12,8,3,11,10,10,3,9,4,11,9,6,13,13,1,6,5,1,10,5,8,3,8,12,2,10,5,7,12,5,9,8,9,4,1,9,12,6,6,10,15,4,4,10,13,11,2,2,8,11,16,1,13,1,5,13,14,6,14,8,5,9,10,4,14,7,9,15,5,4,9,8,5,2,4,10,5,11,3
100,0.3,False,0.000000,1,True,0.100000,3,2,7,3,2,7,4,1,3,2,3,5,3,5,6,4,2,2,3,2,2,1,5,2,2,2,2,1,2,2,6,1,2,1,2,5,2,4,1,2,2,2,2,2,4,2,3,2,3,3,2,2,2,2,2,2,3,4,1,4,2,1,7,5,2,9,4,1,2,5,2,7,2,2,2,5,2,1,2,2,4,2,3,2,2,1,2,3,2,2,7,2,2,1,3,2,7,2,3,8
100,0.3,False,0.000000,0,True,0.500000,16,20,13,15,2,13,7,2,5,18,9,3,12,12,8,3,15,3,15,23,1,9,14,10,9,17,25,17,4,28,19,19,25,4,9,24,22,6,23,3,4,8,24,6,16,10,8,11,6,17,14,22,24,25,16,25,3,4,13,19,24,15,19,7,22,9,16,8,16,10,16,22,23,9,19,9,14,15,8,3,18,10,8,20,4,8,3,10,12,7,17,10,13,22,8,8,13,24,7,6
100,0.3,False,0.000000,1,True,0.500000,2,10,2,2,4,3,3,4,3,4,5,10,2,9,5,2,6,11,2,2,2,3,9,4,3,2,1,2,2,2,2,4,4,2,3,10,2,3,4,4,2,12,5,3,2,6,3,2,2,3,2,12,2,2,2,2,3,10,7,4,2,2,9,2,2,2,4,6,9,2,4,2,1,7,2,2,2,7,7,2,2,4,8,4,3,2,5,5,3,2,5,12,4,2,2,3,2,2,2,2
100,0.5,False,0.000000,0,True,0.100000,14,23,19,21,30,20,14,13,3,23,27,9,7,10,3,21,18,21,11,23,29,22,24,4,14,7,2,23,14,2,16,13,17,8,24,8,26,25,9,3,26,32,2,24,11,7,2,30,9,25,20,3,28,30,12,22,22,14,27,22,15,14,18,17,20,18,27,15,10,11,16,19,14,5,16,9,34,21,23,2,26,9,31,15,19,22,22,27,25,20,39,7,29,30,20,7,3,30,10,26
100,0.5,False,0.000000,1,True,0.100000,9,5,2,2,5,7,1,2,7,7,2,11,4,8,13,13,2,2,13,17,5,2,2,7,12,2,6,11,5,7,8,2,3,2,12,3,5,18,14,3,9,7,15,8,2,4,6,7,4,6,2,6,7,1,12,9,3,1,4,2,9,6,3,14,14,5,10,2,1,2,8,16,2,5,14,2,4,7,2,7,6,3,3,3,6,2,5,17,2,3,4,13,2,13,2,3,3,3,2,2
100,0.5,False,0.000000,0,True,0.500000,7,39,28,20,26,42,20,37,13,29,10,23,24,16,13,26,29,9,11,33,3,39,31,2,25,23,1,16,30,23,34,17,24,5,5,4,39,24,30,13,27,20,37,37,23,35,19,23,14,39,4,25,19,13,18,43,13,19,23,13,14,39,12,9,42,18,35,32,22,18,8,35,16,8,6,30,35,14,12,14,25,38,39,39,10,12,26,8,30,15,17,8,2,34,38,4,42,9,32,5
100,0.5,False,0.000000,1,True,0.500000,6,14,2,11,3,2,9,2,2,19,3,2,10,3,11,4,4,15,4,3,5,3,18,5,10,5,2,2,4,3,4,15,5,2,13,14,5,7,2,2,2,8,11,2,14,10,7,2,2,3,3,2,9,2,11,11,8,2,14,15,9,2,8,4,2,12,6,8,2,5,5,2,13,6,6,2,2,16,2,15,4,12,7,2,2,10,9,14,7,2,4,1,15,19,2,12,12,2,5,3
100,1,False,0.000000,0,True,0.100000,2,19,4,10,14,13,12,21,6,28,13,1,18,12,17,21,2,5,9,16,3,1,4,20,26,15,12,2,8,21,25,6,17,8,17,5,12,27,16,20,22,25,12,13,5,23,1,14,16,1,3,9,5,8,9,15,3,23,23,20,4,1,6,23,15,10,4,5,12,18,14,24,35,3,17,28,2,12,13,1,27,10,6,9,3,4,5,30,2,12,19,11,16,25,9,3,1,17,3,18
100,1,False,0.000000,1,True,0.100000,8,10,4,2,10,2,2,2,7,15,9,2,3,3,2,1,7,7,3,14,5,3,9,5,2,9,4,3,5,1,1,2,3,9,1,2,3,4,5,6,2,4,6,3,2,6,2,1,2,2,2,2,2,2,5,2,3,11,5,4,5,8,3,6,2,8,4,6,3,4,3,3,2,2,2,2,2,3,9,3,2,2,3,10,3,1,1,2,2,4,4,5,10,7,16,14,4,5,3,8
100,1,False,0.000000,0,True,0.500000,4,44,27,9,47,18,34,4,12,15,6,28,39,31,33,34,29,30,46,52,24,34,14,20,34,1,31,15,27,7,36,29,29,32,6,5,26,24,7,6,22,17,5,43,4,20,13,6,42,1,24,1,13,32,45,3,20,10,7,42,20,42,27,39,42,3,20,14,45,29,19,2,8,11,31,11,28,28,37,36,8,1,37,15,52,41,24,10,27,43,4,6,2,20,9,35,33,37,14,5
100,1,False,0.000000,1,True,0.500000,4,5,14,2,6,2,9,8,12,5,4,4,3,2,8,2,4,2,2,2,4,4,1,16,2,3,2,2,2,2,2,2,2,2,4,2,14,2,7,1,4,2,14,5,3,12,3,4,2,5,10,1,4,2,4,8,2,11,2,10,7,2,3,4,2,2,5,2,5,2,4,1,2,4,12,10,3,4,2,6,5,2,7,2,2,18,3,9,1,2,9,2,1,5,2,6,3,2,1,3
100,0.3,False,0.000000,0,False,0.100000,8,9,12,6,2,15,8,11,9,11,6,8,13,6,1,2,4,14,13,8,2,4,2,8,11,9,14,4,8,5,12,7,9,7,5,14,13,10,4,2,6,4,1,9,10,13,9,8,1,4,9,14,8,7,13,1,11,15,4,1,9,12,11,1,8,2,11,6,4,8,3,4,4,11,6,8,1,1,7,14,5,10,10,10,3,6,6,13,4,15,3,3,14,14,4,6,8,13,10,10
100,0.3,False,0.000000,1,False,0.100000,4,3,3,2,2,2,2,2,9,11,2,2,3,2,3,1,2,2,2,2,7,2,5,2,5,5,4,2,2,2,11,2,7,3,2,4,14,3,6,2,10,5,2,3,7,4,2,2,3,2,2,4,2,6,9,2,2,3,3,2,2,2,8,2,4,4,11,2,4,2,2,6,2,3,4,2,2,9,4,5,2,4,2,11,3,6,3,2,11,2,6,7,1,3,2,2,2,2,3,8
100,0.3,False,0.000000,0,False,0.500000,12,19,6,23,7,9,18,4,11,21,17,12,13,10,11,5,22,6,7,3,22,2,19,22,2,11,21,4,25,19,18,8,15,13,17,15,11,25,16,5,26,1,11,13,22,2,25,13,14,6,9,20,8,6,16,25,13,3,10,3,2,7,12,17,25,22,23,17,19,18,12,19,17,17,4,10,20,16,24,21,21,16,2,15,10,25,4,4,9,9,2,3,21,10,13,9,15,16,13,22
100,0.3,False,0.000000,1,False,0.500000,4,5,2,3,7,7,2,5,1,5,3,6,2,2,14,2,2,2,13,18,8,10,4,6,2,6,5,3,10,11,2,12,8,9,4,3,8,3,10,2,2,18,21,1,3,13,9,4,13,5,5,2,5,4,3,2,2,7,2,7,6,4,5,10,3,10,7,10,8,6,2,4,5,7,1,19,5,7,8,2,4,3,6,5,10,4,6,9,4,2,4,11,6,3,2,6,11,2,8,2
100,0.5,False,0.000000,0,False,0.100000,11,24,15,15,28,8,22,23,23,9,3,22,9,27,11,18,7,18,6,13,18,2,21,30,14,29,29,10,10,11,12,16,30,14,22,25,17,11,1,17,21,28,8,27,7,3,28,6,27,25,31,22,20,9,31,29,16,13,9,11,9,28,31,3,1,2,9,16,14,13,4,12,14,29,16,29,14,10,23,3,6,10,24,20,1,17,22,4,2,14,24,21,2,28,29,1,15,11,18,7
100,0.5,False,0.000000,1,False,0.100000,2,2,3,7,4,20,3,3,6,2,4,2,2,5,4,2,7,3,3,3,2,22,3,3,10,6,12,5,11,30,5,1,4,10,17,2,5,2,10,2,17,2,3,2,2,2,3,15,5,15,1,16,4,13,8,7,4,7,14,4,9,6,5,7,5,7,2,2,6,2,1,7,6,3,3,4,17,9,3,3,2,20,3,2,5,9,20,2,3,3,2,4,12,14,8,12,4,4,2,5
100,0.5,False,0.000000,0,False,0.500000,10,18,33,30,20,9,25,1,15,35,20,8,2,2,14,31,11,37,5,16,24,40,13,33,4,36,16,2,37,15,14,32,2,26,20,31,23,40,15,36,4,9,16,31,6,41,22,13,24,24,5,20,18,34,5,14,9,23,36,27,25,22,6,14,26,34,9,18,3,22,10,17,6,25,38,20,26,6,2,34,24,17,29,27,22,34,37,23,16,30,30,8,29,7,14,31,12,21,12,12
100,0.5,False,0.000000,1,False,0.500000,22,23,2,5,2,7,1,26,7,6,2,12,4,13,4,5,22,3,25,7,3,10,5,8,4,4,7,1,6,2,7,2,18,10,10,4,6,32,9,22,4,3,12,2,2,2,2,3,12,36,15,4,9,22,2,16,12,2,17,11,7,6,3,10,2,2,12,5,21,23,4,2,2,8,10,3,2,2,5,5,6,2,4,34,11,22,26,4,1,10,19,5,14,19,2,5,8,19,3,25
100,1,False,0.000000,0,False,0.100000,4,10,9,10,14,2,12,17,15,13,12,15,24,20,9,4,4,31,18,27,21,15,1,3,21,11,14,14,17,30,19,4,8,11,1,4,12,9,22,7,23,2,14,3,1,1,1,33,13,16,31,13,2,2,1,6,1,14,1,3,28,8,14,4,3,7,8,23,27,10,10,28,22,19,6,2,16,8,19,15,7,1,15,22,19,7,12,7,1,9,13,1,12,1,32,25,25,14,19,3
100,1,False,0.000000,1,False,0.100000,2,2,5,6,12,2,14,4,10,2,1,2,2,6,10,1,3,4,1,3,3,2,2,1,6,4,1,8,13,2,3,2,4,4,2,2,5,10,11,5,2,3,3,2,9,6,1,1,2,18,3,16,20,14,2,20,3,9,2,8,2,2,9,2,2,4,2,3,8,2,10,10,3,2,3,3,6,3,2,2,1,2,4,19,3,6,3,2,13,17,1,22,6,16,3,23,10,7,2,2
100,1,False,0.000000,0,False,0.500000,34,49,33,13,20,32,3,29,41,23,44,34,37,12,32,35,22,1,6,38,9,1,17,24,35,19,29,1,29,19,8,29,2,19,22,35,2,10,23,19,23,15,2,39,44,4,38,7,44,22,4,9,16,15,2,3,2,3,34,21,4,2,8,8,52,16,46,29,17,12,23,2,3,10,10,16,37,1,1,1,16,36,1,7,43,2,45,40,39,25,5,23,2,48,2,43,12,32,34,27
100,1,False,0.000000,1,False,0.500000,4,16,5,16,2,9,2,2,10,4,15,8,18,6,2,6,3,7,2,3,8,3,4,10,3,2,2,26,10,22,22,26,6,2,6,2,2,8,3,4,7,2,25,2,13,4,2,8,2,6,19,7,3,17,1,6,27,6,2,2,7,3,2,2,22,7,2,3,10,7,5,3,3,10,3,2,34,9,5,2,11,33,9,28,13,10,3,13,2,2,2,7,14,1,2,2,20,11,2,3